2723
2890
3286
2803
1152
2965
2696
446
1513
1219
661
301
2349
550
94
2122
749
3329
2818
1463
788
320
1747
2104
1594
2619
2967
1379
2754
2609
2289
2419
1876
554
3458
3161
388
1079
626
1331
2488
61
375
192
18
3077
2808
2051
2347
1177
997
328
3383
1030
1234
140
2157
1938
467
1428
2985
649
3551
1636
815
2649
2759
1894
633
1090
413
178
2922
1038
536
1785
190
873
3409
853
25
3238
537
2879
1290
480
654
1175
1198
341
255
2567
3550
1914
32
2577
3489
1975
2573
96
1861
3225
1212
2916
248
3563
991
2137
1305
1618
2545
1841
1777
929
2218
360
1930
1573
2160
1348
532
682
3214
3301
1712
759
2327
2815
1112
1385
824
3294
2421
68
3371
875
2029
430
3216
3354
1184
652
1656
988
2831
1711
2420
2065
268
2574
755
64
1862
575
1064
1460
250
2090
470
1411
3526
2848
2176
3082
2921
640
26
1158
978
940
2450
631
783
3217
1020
3495
877
610
823
1494
2973
3015
355
3569
2242
1669
1624
3463
210
1380
2358
2607
3375
974
3055
2881
747
566
968
1470
1087
1388
1040
1408
2169
2556
115
396
1979
1770
3127
293
1483
1226
2884
694
2529
1384
1531
1240
122
766
3406
334
1539
181
954
1776
2722
3113
3566
663
2699
2882
698
827
717
1042
955
1458
493
3448
1322
243
1529
2409
1164
3247
2993
1543
2691
2841
1363
2461
2225
1724
977
2742
2392
2846
1203
2896
1616
2235
2810
438
726
1625
565
1316
146
296
3220
2085
2414
2572
2634
2678
3131
568
3178
2975
156
2716
1827
2456
2406
665
2312
1387
364
2389
3483
2210
209
713
2084
1300
2475
1820
1882
2633
310
1409
3259
1617
409
1452
1116
752
123
2170
3151
2773
638
2622
368
1202
2367
2375
903
1053
2710
2687
179
2852
2307
3539
286
1834
3266
2758
637
3326
1334
105
1232
573
943
2437
695
546
2630
2033
502
392
1381
843
634
1114
154
816
2298
2638
173
3580
2652
521
1018
1524
1685
793
97
2144
571
1945
967
3255
1092
3098
1073
3191
2083
2247
1374
1136
850
871
2105
1946
1224
3171
1181
285
3170
3545
1113
404
1672
2679
197
265
45
2540
420
3316
2959
2799
214
1502
3312
2635
1498
1782
1126
2708
1693
81
2171
2321
785
2764
1084
3176
942
3149
1023
1187
324
3472
2465
795
245
984
990
2949
23
2700
416
1701
3253
3314
79
1157
1923
2364
2547
3421
477
520
1789
1965
1081
2945
730
2766
1829
517
3331
1526
159
1929
959
1717
3250
2341
3398
1368
3093
1550
586
2012
2878
3315
1751
22
2390
1619
2549
1194
3023
299
2851
66
2739
3048
2005
809
1901
945
1486
1435
2462
518
1082
913
1993
2302
1608
145
1015
2753
9
3146
203
1860
2371
1722
1028
339
2664
3291
2221
3222
3425
3261
215
2582
2291
2485
1708
1528
3459
1837
3105
2977
906
2482
2648
1888
2983
3288
525
1817
2544
2080
48
2046
185
3433
452
1769
3389
3553
677
2928
1016
2030
1033
70
1976
3177
1338
239
3062
2525
1370
1149
1795
1773
774
1301
2089
1921
829
2688
3462
1941
366
1144
1302
2008
1227
821
558
2620
2644
1810
2136
672
15
3215
2524
2735
3276
336
679
306
773
1508
457
2542
12
152
2024
3277
534
82
1339
2658
1748
1365
2439
187
387
1297
3484
1873
2158
1567
3573
1330
3029
3361
2223
2363
3229
1592
110
2517
2213
2231
635
1729
763
280
119
3453
2023
2925
272
1796
33
372
1541
1455
2047
1970
2064
2300
2473
3332
1319
1934
1429
2499
1684
1337
2750
3204
2526
564
2270
2918
3445
1922
1799
1262
2940
1259
492
3126
3558
2915
383
1565
129
3088
3124
2715
3538
2388
2870
3322
468
2372
2611
1535
805
3090
583
2002
2584
1286
885
218
303
2101
3439
3193
1707
1287
1197
2904
3501
592
302
898
1146
331
1448
1590
3297
54
1277
300
2286
2934
3374
3
2792
3430
3107
1682
1215
1863
258
2422
2948
2894
3437
2326
1563
1097
1063
3562
1013
1366
2359
2148
138
133
1589
1715
382
1953
1575
3380
1650
1699
2365
2227
1323
1927
2580
727
1599
1943
2935
1633
840
1996
473
2411
1615
3548
172
207
882
915
2811
434
3498
471
126
896
100
1703
772
1282
559
3372
2724
952
911
3385
1231
2091
63
281
1132
2707
2910
2293
972
658
1289
842
422
274
2646
2571
230
1354
2958
675
1499
1667
1948
2509
287
2532
3523
1174
639
314
2746
1178
1461
304
2026
1120
3087
1257
3011
1931
1905
1887
1362
2974
469
1830
3355
2745
2946
2320
3446
2579
1216
1807
2697
957
986
627
1835
1984
996
1737
2495
3118
926
1844
530
1784
1054
2578
729
130
2311
965
2674
2072
3408
1403
2
447
2374
881
2120
264
201
2103
644
240
259
912
3379
2550
3281
1391
2794
2161
3493
1991
2323
2164
3574
78
2124
3342
848
1514
1274
353
2351
892
1932
1247
1678
142
1124
7
864
3038
2886
1811
1432
2826
1130
1786
708
855
2255
744
2009
1451
2698
2139
1623
3313
1753
2476
1501
183
930
342
529
3275
1160
2712
1597
1915
3328
789
1071
1496
1824
3164
879
3509
1758
2733
2308
3080
51
2608
2262
1986
542
3527
975
551
431
2880
1488
2249
282
2647
876
1871
2444
3110
976
3546
479
3198
2201
88
580
2264
1201
174
315
2292
1742
2219
958
1405
636
733
262
2470
1659
1043
2100
1019
1026
765
3384
1034
2793
2588
2837
3145
3477
3169
2789
1485
1580
2557
489
39
1155
3054
319
2041
2943
167
227
2561
2554
762
3156
2828
2768
2240
2933
1983
701
168
3041
235
188
800
1906
2927
406
2535
1939
2677
1585
42
3556
919
3025
1137
2537
348
50
3473
1761
1630
1788
2340
3444
3007
2988
1980
3237
3486
867
555
3272
2857
321
194
463
1168
104
449
2049
3300
3279
3395
2153
2376
1547
1956
1056
3540
1868
2401
2667
1298
1347
3205
1516
2305
219
3280
510
2151
2521
874
1393
508
28
3296
1462
101
2730
3221
3491
2233
761
1756
820
412
1230
116
3565
950
777
2936
2528
2873
131
2711
3452
794
562
403
1913
2491
2821
378
1884
3086
1352
598
1999
2487
1726
55
523
676
863
3537
1396
1546
746
1048
920
1607
1445
2543
1276
1192
1881
338
3001
3095
1767
2864
2182
618
2329
2433
3424
3182
1153
1156
3405
2040
3067
2335
2505
3183
120
2319
3070
1179
2555
252
2955
684
1443
2453
2966
2666
284
2443
2098
2278
2692
2222
475
2738
2427
1694
349
2469
1542
1700
2744
1738
2838
1778
297
3117
1360
3303
750
1186
1261
2078
757
2763
964
2140
1410
923
2840
1454
3049
1762
2684
1985
1732
2917
1180
1766
437
924
241
2662
969
1105
3440
1355
2606
1925
1228
379
2725
2533
739
2757
756
352
1754
335
2403
2226
2654
3577
3304
3094
884
630
2494
1404
189
2595
425
1055
186
3058
337
1434
1135
2839
1854
1052
1162
3152
590
2366
1098
3232
1453
2643
2067
1165
332
524
1538
389
3063
472
216
1635
2566
3269
1963
2681
1898
3344
831
1883
2861
2756
3293
3465
3494
1709
607
135
616
2185
1482
2361
2435
374
3256
1558
2069
170
2014
3030
499
2511
718
825
3359
3130
1278
2038
549
53
2481
0
712
782
1213
515
244
481
2370
1629
2510
1044
1306
1874
232
3411
1969
2672
1361
1654
1859
2899
1128
1548
691
2324
2869
742
2092
3104
3521
588
2791
2387
678
3334
1572
2737
3338
67
424
560
2241
1190
1989
2271
2248
3564
832
648
1890
3427
2726
901
514
75
308
2908
851
3414
1680
1085
2777
1819
2876
1117
577
702
1704
971
548
2719
1924
710
3516
1000
531
466
1702
1138
384
1296
2992
932
3426
1981
2395
85
3148
1263
2448
1208
3009
605
1628
2449
2527
1093
2193
3454
1998
2010
2043
1804
890
3244
3185
3388
593
3416
900
3114
1812
2134
1283
3503
217
612
371
2718
764
1518
3239
3339
3141
2003
3013
3065
450
1062
3290
2316
329
108
2947
1024
2415
856
767
928
292
1916
2118
2538
3394
589
606
1002
141
837
2675
2244
1994
512
1507
1006
966
703
2682
1911
2306
1600
1248
2788
2717
220
354
1415
3228
1012
1225
2824
2779
2204
1695
121
1189
3274
659
3138
899
2568
77
1579
1129
1101
3529
642
2184
2601
1639
1061
2650
3160
2075
1069
3533
3442
3031
35
1373
1581
373
1491
2661
2600
277
2790
2767
3325
71
1255
1955
3144
358
2695
3089
2459
3273
2393
2690
2333
1308
1003
1858
212
1304
2295
483
2356
723
2238
738
2054
3109
2108
147
841
2039
1637
2632
2174
2362
1017
1091
345
1088
2203
1450
1668
3210
2282
3299
2623
2775
3099
2309
1264
3150
790
624
1473
2446
2400
1815
2642
2269
2874
260
407
1145
84
3154
429
2637
2229
3278
2294
1919
3387
1318
1828
3046
1801
2296
1185
3143
1705
1311
3060
2888
460
847
195
1561
711
2520
1848
3071
1329
2782
3024
1099
251
2254
628
2957
2068
2907
3076
2290
2183
1109
464
519
330
1891
237
2816
2860
2186
1406
740
1634
393
107
2428
3213
781
1372
2629
3350
111
1258
325
786
1169
6
3260
1022
65
1845
1591
8
664
1802
671
1544
956
961
2074
193
14
2991
797
866
3519
3166
3391
370
2138
1210
1988
2429
451
3396
1832
1123
288
3434
1966
2506
3037
3295
2613
1303
2318
802
2066
690
200
435
1229
1949
3173
2484
2126
1968
2315
2283
3112
2997
3373
205
2854
3026
2797
1413
2939
2856
1344
1706
456
1217
2141
1456
1074
692
2113
2272
2729
1821
1326
3479
927
620
893
2166
1421
1723
2097
720
177
307
1295
3267
19
3531
1805
1420
60
1275
760
3248
3103
1111
3496
745
1419
1564
312
3218
2394
623
3451
3502
1218
2468
3476
3147
2391
1537
421
498
3417
603
99
741
2050
1469
13
3262
2721
2479
2847
2653
3008
1011
2430
670
1958
2844
1867
2489
3393
3233
3128
3153
113
2052
1783
2604
2875
134
305
2581
3443
2829
3268
490
3241
1027
2651
1426
2154
1521
2845
1457
1746
883
3079
1076
1787
1400
2639
3567
1029
1603
791
2243
2342
685
3189
2194
3461
2253
454
655
2458
667
2063
377
350
2895
2760
689
2399
2776
696
1879
981
3211
1593
3340
1614
106
2836
496
1652
1272
1007
1045
3429
2914
869
2205
485
574
3399
553
3119
538
3270
2625
184
1818
2048
254
2106
2689
2951
609
622
3520
3466
2597
653
1357
1066
3064
1058
2036
1340
1321
1376
533
1957
1167
139
2263
2425
895
3497
1971
2891
887
3554
2131
849
1933
905
397
58
2015
1351
3441
1950
1912
2179
3401
2117
1745
2867
165
1554
3257
1246
2284
2175
1626
3061
43
3306
2748
180
2814
2676
3158
1584
731
1791
1292
1676
500
1568
494
391
199
1060
151
3321
619
3187
3142
798
2397
458
44
2752
2594
1653
3351
1041
93
1433
2252
1173
1569
2007
198
2686
1269
1025
1638
1220
3234
1908
662
448
2778
417
2251
1920
3333
462
1424
3231
317
204
980
2659
2937
2082
1238
1506
2998
283
182
5
1736
1790
3410
153
2478
3243
1750
3514
2237
2424
3072
807
1781
3460
632
1285
1760
3021
806
2612
2954
3206
2266
2624
1952
1021
2548
3407
3318
2807
1325
3208
2330
2384
1009
459
1798
2133
2192
2234
238
826
2800
1431
3381
2924
2970
40
2480
2685
390
3249
1583
1464
2736
1826
1532
2383
3129
1885
3033
474
3478
161
1131
1104
401
3390
1343
1068
2531
547
2020
2217
2152
2000
263
3251
3284
1779
953
1332
2339
1254
3016
1251
2587
1313
1207
868
1191
931
993
2734
3413
859
253
2062
52
908
888
224
208
2163
1904
1947
3040
3423
1444
2357
2539
3412
3345
1586
1049
1047
771
3137
2404
3335
3541
3471
1671
935
3535
2346
2741
166
2559
290
3133
1014
1307
962
3403
3196
1249
3575
2770
261
279
818
660
2906
2858
3000
1500
2923
2781
1918
1345
1997
2704
561
736
3308
2801
1570
925
1250
516
1814
3282
236
21
2536
2563
2019
415
998
2680
2334
380
163
1872
585
2195
1511
1937
1487
3480
1910
3252
1990
109
904
278
3223
1935
2493
2902
891
2094
1839
846
385
2694
803
1665
1632
2096
3579
1489
844
1503
2354
3307
202
3050
2426
2042
543
2196
2995
949
651
1540
3059
3022
1900
3317
1692
83
249
326
346
2056
2809
49
2328
2410
1663
1480
2466
1892
922
2853
1744
2705
2978
1078
1407
2071
1425
1235
1895
436
576
1193
143
1320
751
3085
2165
117
668
643
3528
2912
125
175
2178
2665
2004
3467
2849
2636
1115
414
2534
3125
176
206
2963
1847
3101
1749
1465
722
2628
3420
1166
1917
1125
835
1648
2501
3576
376
2260
615
2093
410
889
2938
1037
294
1291
3032
2053
1119
3122
688
3120
861
563
2057
1571
1875
544
2472
1797
2313
557
2228
2518
3415
2396
724
2693
2999
455
1417
2703
2508
2795
3336
1148
1150
29
3323
2498
1270
3512
2569
1375
1239
1759
1504
1293
907
3285
2190
2273
1690
2442
1423
657
41
1662
2280
938
2702
1271
439
812
504
2772
1176
2031
2317
2276
683
1402
2239
1951
1974
2471
1752
992
1588
3320
1765
3194
1412
1517
3488
921
1775
90
2245
3240
440
2490
1520
2044
399
1294
1849
1674
2747
1973
3212
1982
1436
3073
2785
1714
3172
2301
507
3544
2669
1710
3265
3347
2503
3207
1110
3036
2299
1378
87
513
1515
1244
196
1728
3435
3549
706
2942
1182
2232
1611
72
92
2598
3559
2872
2016
2417
1497
1739
2077
3469
3534
433
1886
158
1141
3242
229
2267
3096
1640
2833
2386
486
2989
2553
347
2061
127
2035
1582
2310
2211
3155
1670
1260
3370
3162
2825
2834
3184
411
2570
1265
132
1004
2265
570
402
2343
3362
666
2589
813
2268
1794
3438
1490
2187
3364
3003
160
1072
2212
1683
1281
1089
709
2013
3159
1108
2898
136
3136
2119
1183
2121
1755
3236
2086
1725
1954
1536
1151
2994
811
1335
476
114
1870
3547
1437
1279
2806
2436
1442
1481
1657
322
3431
1468
1721
645
1658
1241
2516
522
2445
1621
2586
2099
2805
1317
1525
1268
3515
3069
1495
211
1718
2150
2504
768
728
3363
1691
2325
1161
3157
2656
2941
714
3505
359
461
2863
1478
1046
582
3572
2123
1312
2859
963
453
257
1522
3481
1609
3346
1534
506
2492
3039
1602
1727
4
1358
2962
2441
2919
2070
24
155
2774
365
1484
933
2605
1866
2463
2377
721
1188
3319
1595
318
1252
1675
656
223
1430
2207
3254
2189
36
2671
3419
1519
3195
1655
1649
2338
2028
2181
2913
3068
819
1833
647
2956
2929
1842
2483
2385
1813
3468
266
2813
327
3139
3287
948
2889
1418
1467
1309
62
2001
3165
2418
2615
591
3034
886
1479
674
1039
2246
2277
2130
3568
405
2944
30
3349
2079
1075
2336
1118
1280
2855
2127
1475
1551
17
1697
2451
482
2621
1032
488
2398
3369
2215
271
1846
2986
3235
1471
103
1134
2590
970
311
1059
3121
3376
1086
2167
3115
2618
2423
1902
2964
3382
1601
2045
1987
2522
2250
1574
1869
3581
2558
2932
3002
2116
596
2412
2564
1163
910
1474
1606
946
1604
2909
1154
1008
1556
1808
3292
1576
1273
503
3004
838
80
2006
2728
2832
2206
3005
934
629
1909
1327
673
1438
3449
3428
1493
1284
916
228
3450
3057
2968
3245
3487
2990
3356
528
839
2034
213
2926
2599
3432
2657
1206
2199
144
3052
2303
3012
2827
2125
2614
1512
1889
1962
3035
1057
1122
3397
1627
2477
2804
1793
2660
3219
3092
357
2976
2200
1530
3197
1341
1233
1977
1679
1587
1645
2135
2631
3298
2408
2454
804
1427
2952
501
2129
291
367
309
2905
2095
3140
3020
611
112
2749
985
221
2727
2180
3499
784
3200
2683
2515
3027
1646
581
909
2285
937
2352
3357
1735
1314
2903
2447
1644
1328
3168
894
2402
3377
599
2279
2380
233
1622
3246
880
2972
3522
2575
3482
1159
2209
1631
1031
2076
3019
369
878
3492
1816
3010
2562
2162
3378
1472
1067
89
941
3436
2887
27
428
3230
275
2073
445
1757
2514
2115
1549
164
2236
3570
3224
2668
1566
2431
2551
1140
1196
1221
973
3078
1822
1237
38
2474
769
1036
2147
1389
3201
2523
2897
3100
1741
2128
3264
3348
1133
1677
3175
1204
3418
3542
2592
1713
810
2405
1716
394
3513
3571
2822
1397
1459
862
787
2379
1774
2407
693
2512
3310
1598
1035
3474
3053
845
2314
1449
3174
442
1731
2901
3490
2626
222
1005
917
1533
999
273
1359
2787
2058
1733
1505
2369
2353
734
171
2732
56
987
1364
715
2783
1553
1578
162
3365
1897
231
1253
860
814
545
983
2202
1734
3074
2751
3305
1
2984
1853
1936
495
1852
1051
743
418
427
822
989
31
1223
2616
1903
872
725
2198
226
1172
2900
1242
1394
1510
2920
2197
2259
2865
1689
1942
2497
960
3180
3186
982
526
2322
1245
3392
1768
1094
3500
2979
918
3532
2159
2720
2987
796
2022
1559
2440
2593
191
3511
2452
1395
381
419
487
719
3456
2110
1100
1441
2156
3582
484
2060
2877
1831
351
1369
423
1560
833
1964
3358
770
1838
602
951
625
2216
3044
3227
2591
1577
3485
2961
2762
3352
3018
3163
2132
2602
3327
552
333
2953
432
604
1620
1200
1440
316
681
1967
3366
2297
834
617
1772
1401
1390
1840
2432
2355
2381
799
1605
3102
3578
2173
59
3530
2868
1209
2843
2373
1613
3552
1349
20
3557
641
2713
2835
1877
947
1106
1612
3402
426
779
1557
3167
2761
247
1960
3108
246
478
897
2871
2360
2258
2701
3400
2107
1399
2743
86
1664
3561
34
1299
491
2208
1386
1743
2850
830
242
1809
2866
1492
2345
527
3028
556
539
854
2780
979
1527
3470
1103
1995
2706
386
3258
836
2798
2765
2434
3517
3360
1899
1310
2188
1214
2464
1353
2885
1651
1346
3283
1843
2673
1050
1267
3006
1422
2018
3203
289
697
1763
2530
687
169
600
3047
2769
69
1806
1660
1959
1414
1596
716
3367
2142
2670
3337
2731
1661
1972
343
157
2457
1686
2507
2960
1944
2337
2081
2560
758
3457
753
1865
995
699
3190
1928
1356
1771
2982
1147
363
1562
3543
1893
2055
3309
1878
102
1856
735
535
408
225
3475
1171
98
2275
914
1439
3132
3202
3081
2862
1096
3353
148
3341
1864
3330
567
2546
2565
3116
1236
2500
614
3518
3404
936
2655
3507
2172
2102
3066
1555
395
2256
2191
594
2627
2146
1205
1509
680
3014
2610
1825
1642
150
118
2025
1880
3324
2224
3555
1446
269
1121
579
541
2257
1288
276
939
2911
2109
1324
572
2930
2971
2145
2011
865
3135
737
3455
1803
3075
3091
2950
2155
2996
124
1199
76
2368
1926
2576
1696
776
1080
2823
1940
509
270
2112
3343
2111
595
2438
1978
817
2786
857
1688
2755
3043
608
3106
902
801
2348
95
1371
1398
2214
1211
3422
1850
2088
1083
2513
754
2645
1333
1647
3464
2230
2519
1698
3504
2331
2281
2017
2980
1857
3181
1107
2603
700
2021
2177
1256
10
3017
57
2892
3199
858
2585
74
2552
994
2261
1070
3045
3226
1552
3536
2413
1392
732
3289
2382
3084
37
1836
2274
1780
1851
1466
3506
2059
2969
705
73
1855
2981
46
2784
2931
587
3097
497
2143
3056
870
2771
1127
1673
3386
1416
2350
2416
584
775
2583
2596
646
601
1687
2168
2663
1476
444
780
613
267
1350
356
1610
3042
669
1342
2037
441
47
2467
2883
808
2486
3051
2220
3368
11
1139
578
1266
2617
1095
313
2796
128
1641
1367
2288
2149
256
398
1477
3508
2460
2378
2455
2842
1447
1102
1666
1992
2114
597
505
569
540
1077
2893
1961
1142
344
1377
2802
748
362
1719
1143
3311
852
1315
1065
3083
792
2304
361
3560
2032
3271
3209
1643
621
295
1792
1170
16
2496
1800
828
1740
1896
2740
340
1545
511
3134
2502
1681
3525
2640
2087
2541
2641
3111
686
1010
3510
1907
234
704
650
3179
2820
1222
3524
149
778
3188
1382
1383
1720
2709
298
2817
2830
2812
3192
944
1001
91
1336
707
3302
1523
1730
323
3123
2027
3263
443
1195
1764
2332
465
2287
137
2819
400
2344
3447
1823
1243
2714
